0.829999983
0.870000005
0.870000005
0.910000026
0.920000017
0.930000007
0.930000007
0.930000007
0.939999998
0.949999988
0.959999979
0.970000029
0.980000019
1.00999999
1.019999981
1.049999952
1.049999952
1.059999943
1.059999943
1.070000052
1.110000014
1.110000014
1.120000005
1.129999995
1.139999986
1.159999967
1.169999957
1.220000029
1.230000019
1.230000019
1.24000001
1.269999981
1.330000043
1.340000033
1.340000033
1.340000033
1.350000024
1.350000024
1.350000024
1.360000014
1.370000005
1.379999995
1.379999995
1.379999995
1.379999995
1.389999986
1.389999986
1.389999986
1.399999976
1.399999976
1.399999976
1.399999976
1.409999967
1.409999967
1.409999967
1.419999957
1.429999948
1.429999948
1.429999948
1.429999948
1.440000057
1.440000057
1.440000057
1.450000048
1.450000048
1.450000048
1.460000038
1.460000038
1.460000038
1.460000038
1.460000038
1.460000038
1.470000029
1.470000029
1.470000029
1.480000019
1.480000019
1.480000019
1.480000019
1.480000019
1.480000019
1.480000019
1.49000001
1.49000001
1.49000001
1.5
1.5
1.5
1.5
1.5
1.5
1.50999999
1.50999999
1.50999999
1.50999999
1.50999999
1.50999999
1.50999999
1.50999999
1.50999999
1.50999999
1.50999999
1.519999981
1.519999981
1.519999981
1.519999981
1.519999981
1.519999981
1.519999981
1.529999971
1.529999971
1.529999971
1.529999971
1.529999971
1.539999962
1.539999962
1.539999962
1.539999962
1.539999962
1.539999962
1.549999952
1.549999952
1.549999952
1.549999952
1.549999952
1.549999952
1.549999952
1.549999952
1.549999952
1.549999952
1.549999952
1.549999952
1.549999952
1.559999943
1.559999943
1.559999943
1.559999943
1.559999943
1.559999943
1.559999943
1.559999943
1.559999943
1.559999943
1.570000052
1.570000052
1.570000052
1.570000052
1.570000052
1.570000052
1.570000052
1.570000052
1.580000043
1.580000043
1.580000043
1.580000043
1.580000043
1.580000043
1.580000043
1.580000043
1.580000043
1.580000043
1.590000033
1.590000033
1.590000033
1.590000033
1.590000033
1.590000033
1.590000033
1.590000033
1.590000033
1.590000033
1.590000033
1.590000033
1.600000024
1.600000024
1.600000024
1.600000024
1.600000024
1.600000024
1.600000024
1.600000024
1.600000024
1.600000024
1.600000024
1.600000024
1.600000024
1.610000014
1.610000014
1.610000014
1.610000014
1.610000014
1.610000014
1.610000014
1.610000014
1.610000014
1.610000014
1.610000014
1.610000014
1.620000005
1.620000005
1.620000005
1.620000005
1.620000005
1.620000005
1.620000005
1.620000005
1.620000005
1.620000005
1.620000005
1.620000005
1.620000005
1.629999995
1.629999995
1.629999995
1.629999995
1.629999995
1.629999995
1.629999995
1.629999995
1.629999995
1.629999995
1.629999995
1.629999995
1.629999995
1.629999995
1.629999995
1.629999995
1.639999986
1.639999986
1.639999986
1.639999986
1.639999986
1.639999986
1.639999986
1.639999986
1.639999986
1.639999986
1.639999986
1.649999976
1.649999976
1.649999976
1.649999976
1.649999976
1.649999976
1.649999976
1.649999976
1.659999967
1.659999967
1.659999967
1.659999967
1.659999967
1.659999967
1.659999967
1.659999967
1.659999967
1.659999967
1.659999967
1.659999967
1.659999967
1.659999967
1.659999967
1.659999967
1.669999957
1.669999957
1.669999957
1.669999957
1.669999957
1.669999957
1.669999957
1.669999957
1.669999957
1.669999957
1.669999957
1.669999957
1.669999957
1.669999957
1.669999957
1.679999948
1.679999948
1.679999948
1.679999948
1.679999948
1.679999948
1.679999948
1.679999948
1.679999948
1.679999948
1.679999948
1.679999948
1.679999948
1.679999948
1.679999948
1.690000057
1.690000057
1.690000057
1.690000057
1.690000057
1.690000057
1.690000057
1.690000057
1.690000057
1.690000057
1.690000057
1.690000057
1.690000057
1.700000048
1.700000048
1.700000048
1.700000048
1.700000048
1.700000048
1.710000038
1.710000038
1.710000038
1.710000038
1.710000038
1.710000038
1.710000038
1.710000038
1.720000029
1.720000029
1.720000029
1.720000029
1.720000029
1.720000029
1.720000029
1.720000029
1.720000029
1.720000029
1.720000029
1.720000029
1.720000029
1.720000029
1.730000019
1.730000019
1.730000019
1.730000019
1.730000019
1.730000019
1.730000019
1.730000019
1.730000019
1.730000019
1.730000019
1.730000019
1.730000019
1.730000019
1.730000019
1.730000019
1.74000001
1.74000001
1.74000001
1.74000001
1.74000001
1.74000001
1.74000001
1.75
1.75
1.75
1.75
1.75
1.75
1.75
1.75
1.75
1.75
1.75
1.75
1.75999999
1.75999999
1.75999999
1.75999999
1.75999999
1.75999999
1.75999999
1.75999999
1.75999999
1.75999999
1.75999999
1.75999999
1.75999999
1.75999999
1.75999999
1.75999999
1.75999999
1.769999981
1.769999981
1.769999981
1.769999981
1.769999981
1.769999981
1.769999981
1.769999981
1.769999981
1.769999981
1.769999981
1.769999981
1.779999971
1.779999971
1.789999962
1.789999962
1.789999962
1.789999962
1.789999962
1.789999962
1.789999962
1.789999962
1.789999962
1.789999962
1.789999962
1.799999952
1.799999952
1.799999952
1.799999952
1.799999952
1.799999952
1.799999952
1.799999952
1.799999952
1.799999952
1.799999952
1.799999952
1.799999952
1.809999943
1.809999943
1.809999943
1.809999943
1.809999943
1.809999943
1.809999943
1.820000052
1.820000052
1.820000052
1.820000052
1.830000043
1.830000043
1.830000043
1.830000043
1.830000043
1.830000043
1.830000043
1.830000043
1.830000043
1.830000043
1.840000033
1.840000033
1.840000033
1.840000033
1.840000033
1.840000033
1.840000033
1.840000033
1.850000024
1.850000024
1.850000024
1.850000024
1.850000024
1.850000024
1.850000024
1.850000024
1.850000024
1.850000024
1.850000024
1.850000024
1.860000014
1.860000014
1.860000014
1.860000014
1.860000014
1.860000014
1.860000014
1.860000014
1.860000014
1.860000014
1.870000005
1.870000005
1.870000005
1.870000005
1.870000005
1.870000005
1.870000005
1.870000005
1.879999995
1.879999995
1.879999995
1.879999995
1.879999995
1.879999995
1.879999995
1.879999995
1.889999986
1.889999986
1.889999986
1.889999986
1.889999986
1.889999986
1.899999976
1.899999976
1.899999976
1.899999976
1.899999976
1.899999976
1.899999976
1.899999976
1.899999976
1.899999976
1.899999976
1.909999967
1.909999967
1.909999967
1.909999967
1.909999967
1.909999967
1.909999967
1.909999967
1.909999967
1.909999967
1.909999967
1.919999957
1.919999957
1.919999957
1.919999957
1.919999957
1.919999957
1.919999957
1.919999957
1.929999948
1.929999948
1.929999948
1.929999948
1.929999948
1.929999948
1.929999948
1.929999948
1.929999948
1.929999948
1.929999948
1.929999948
1.940000057
1.940000057
1.940000057
1.940000057
1.940000057
1.950000048
1.950000048
1.950000048
1.950000048
1.950000048
1.950000048
1.950000048
1.950000048
1.960000038
1.960000038
1.960000038
1.960000038
1.960000038
1.960000038
1.960000038
1.970000029
1.970000029
1.970000029
1.970000029
1.970000029
1.970000029
1.970000029
1.970000029
1.980000019
1.980000019
1.980000019
1.980000019
1.980000019
1.980000019
1.99000001
1.99000001
1.99000001
1.99000001
1.99000001
1.99000001
1.99000001
1.99000001
1.99000001
2
2.00999999
2.00999999
2.00999999
2.00999999
2.00999999
2.019999981
2.019999981
2.019999981
2.019999981
2.019999981
2.019999981
2.019999981
2.019999981
2.029999971
2.029999971
2.029999971
2.029999971
2.029999971
2.029999971
2.029999971
2.029999971
2.029999971
2.039999962
2.039999962
2.039999962
2.039999962
2.039999962
2.039999962
2.039999962
2.039999962
2.039999962
2.049999952
2.049999952
2.049999952
2.059999943
2.059999943
2.059999943
2.059999943
2.059999943
2.059999943
2.059999943
2.069999933
2.069999933
2.069999933
2.069999933
2.079999924
2.079999924
2.079999924
2.079999924
2.079999924
2.079999924
2.079999924
2.079999924
2.079999924
2.079999924
2.079999924
2.089999914
2.089999914
2.089999914
2.089999914
2.089999914
2.089999914
2.089999914
2.089999914
2.089999914
2.089999914
2.089999914
2.099999905
2.099999905
2.099999905
2.099999905
2.099999905
2.099999905
2.109999895
2.109999895
2.109999895
2.109999895
2.109999895
2.109999895
2.119999886
2.119999886
2.119999886
2.119999886
2.119999886
2.119999886
2.119999886
2.119999886
2.119999886
2.130000114
2.130000114
2.130000114
2.130000114
2.130000114
2.140000105
2.140000105
2.140000105
2.140000105
2.140000105
2.140000105
2.140000105
2.140000105
2.140000105
2.140000105
2.140000105
2.150000095
2.150000095
2.150000095
2.150000095
2.150000095
2.150000095
2.150000095
2.150000095
2.150000095
2.150000095
2.150000095
2.150000095
2.150000095
2.160000086
2.160000086
2.160000086
2.160000086
2.160000086
2.160000086
2.160000086
2.170000076
2.170000076
2.170000076
2.170000076
2.170000076
2.170000076
2.170000076
2.180000067
2.180000067
2.180000067
2.180000067
2.180000067
2.180000067
2.180000067
2.180000067
2.180000067
2.180000067
2.180000067
2.190000057
2.190000057
2.190000057
2.190000057
2.200000048
2.200000048
2.200000048
2.200000048
2.200000048
2.200000048
2.200000048
2.200000048
2.200000048
2.210000038
2.210000038
2.210000038
2.210000038
2.210000038
2.220000029
2.220000029
2.220000029
2.220000029
2.220000029
2.220000029
2.220000029
2.220000029
2.220000029
2.220000029
2.230000019
2.230000019
2.230000019
2.230000019
2.230000019
2.230000019
2.230000019
2.230000019
2.230000019
2.230000019
2.230000019
2.230000019
2.230000019
2.24000001
2.24000001
2.24000001
2.24000001
2.25
2.25
2.25
2.25
2.25
2.25999999
2.25999999
2.269999981
2.269999981
2.269999981
2.269999981
2.269999981
2.269999981
2.269999981
2.279999971
2.279999971
2.279999971
2.279999971
2.289999962
2.289999962
2.289999962
2.289999962
2.289999962
2.299999952
2.299999952
2.299999952
2.299999952
2.299999952
2.299999952
2.309999943
2.309999943
2.309999943
2.309999943
2.309999943
2.309999943
2.309999943
2.309999943
2.309999943
2.309999943
2.309999943
2.309999943
2.309999943
2.319999933
2.319999933
2.319999933
2.319999933
2.319999933
2.319999933
2.319999933
2.319999933
2.319999933
2.329999924
2.329999924
2.329999924
2.329999924
2.329999924
2.339999914
2.339999914
2.339999914
2.339999914
2.349999905
2.349999905
2.349999905
2.359999895
2.359999895
2.359999895
2.359999895
2.359999895
2.359999895
2.359999895
2.369999886
2.369999886
2.369999886
2.369999886
2.369999886
2.380000114
2.380000114
2.380000114
2.380000114
2.380000114
2.380000114
2.390000105
2.390000105
2.390000105
2.390000105
2.390000105
2.390000105
2.390000105
2.390000105
2.390000105
2.390000105
2.400000095
2.400000095
2.400000095
2.400000095
2.400000095
2.410000086
2.410000086
2.410000086
2.410000086
2.410000086
2.410000086
2.420000076
2.420000076
2.420000076
2.420000076
2.420000076
2.420000076
2.420000076
2.420000076
2.420000076
2.420000076
2.430000067
2.430000067
2.430000067
2.430000067
2.430000067
2.430000067
2.440000057
2.440000057
2.440000057
2.440000057
2.450000048
2.450000048
2.450000048
2.450000048
2.450000048
2.450000048
2.450000048
2.460000038
2.460000038
2.460000038
2.460000038
2.460000038
2.460000038
2.460000038
2.460000038
2.460000038
2.460000038
2.460000038
2.460000038
2.460000038
2.460000038
2.460000038
2.470000029
2.470000029
2.470000029
2.470000029
2.480000019
2.480000019
2.480000019
2.480000019
2.49000001
2.49000001
2.49000001
2.49000001
2.49000001
2.5
2.5
2.5
2.5
2.5
2.5
2.5
2.5
2.50999999
2.50999999
2.50999999
2.50999999
2.50999999
2.50999999
2.50999999
2.50999999
2.50999999
2.50999999
2.519999981
2.519999981
2.519999981
2.519999981
2.519999981
2.519999981
2.519999981
2.519999981
2.529999971
2.529999971
2.529999971
2.529999971
2.529999971
2.529999971
2.539999962
2.539999962
2.539999962
2.539999962
2.539999962
2.539999962
2.539999962
2.539999962
2.539999962
2.539999962
2.539999962
2.549999952
2.549999952
2.549999952
2.549999952
2.549999952
2.549999952
2.549999952
2.559999943
2.559999943
2.559999943
2.559999943
2.559999943
2.569999933
2.569999933
2.569999933
2.569999933
2.569999933
2.569999933
2.579999924
2.579999924
2.579999924
2.589999914
2.589999914
2.589999914
2.589999914
2.589999914
2.589999914
2.589999914
2.589999914
2.599999905
2.599999905
2.599999905
2.599999905
2.599999905
2.599999905
2.609999895
2.609999895
2.609999895
2.609999895
2.609999895
2.609999895
2.609999895
2.609999895
2.609999895
2.619999886
2.619999886
2.619999886
2.619999886
2.619999886
2.630000114
2.630000114
2.630000114
2.630000114
2.630000114
2.640000105
2.640000105
2.640000105
2.640000105
2.640000105
2.640000105
2.640000105
2.640000105
2.650000095
2.650000095
2.660000086
2.660000086
2.660000086
2.660000086
2.660000086
2.660000086
2.670000076
2.670000076
2.670000076
2.670000076
2.670000076
2.670000076
2.680000067
2.680000067
2.690000057
2.690000057
2.690000057
2.690000057
2.690000057
2.700000048
2.700000048
2.700000048
2.700000048
2.700000048
2.700000048
2.700000048
2.700000048
2.710000038
2.710000038
2.710000038
2.710000038
2.710000038
2.720000029
2.720000029
2.720000029
2.730000019
2.730000019
2.730000019
2.730000019
2.730000019
2.730000019
2.730000019
2.730000019
2.730000019
2.74000001
2.74000001
2.74000001
2.75
2.75
2.75
2.75
2.75999999
2.75999999
2.75999999
2.75999999
2.75999999
2.75999999
2.75999999
2.75999999
2.75999999
2.769999981
2.769999981
2.769999981
2.779999971
2.779999971
2.789999962
2.789999962
2.789999962
2.789999962
2.789999962
2.799999952
2.799999952
2.799999952
2.799999952
2.799999952
2.809999943
2.809999943
2.819999933
2.819999933
2.819999933
2.819999933
2.819999933
2.819999933
2.819999933
2.819999933
2.819999933
2.819999933
2.829999924
2.829999924
2.829999924
2.829999924
2.829999924
2.849999905
2.849999905
2.849999905
2.849999905
2.859999895
2.859999895
2.859999895
2.869999886
2.869999886
2.869999886
2.869999886
2.869999886
2.869999886
2.869999886
2.869999886
2.880000114
2.880000114
2.880000114
2.880000114
2.890000105
2.890000105
2.890000105
2.890000105
2.890000105
2.900000095
2.900000095
2.900000095
2.910000086
2.910000086
2.910000086
2.910000086
2.910000086
2.920000076
2.920000076
2.920000076
2.930000067
2.930000067
2.930000067
2.930000067
2.930000067
2.930000067
2.940000057
2.940000057
2.940000057
2.950000048
2.950000048
2.950000048
2.960000038
2.960000038
2.960000038
2.960000038
2.960000038
2.960000038
2.960000038
2.960000038
2.970000029
2.970000029
2.970000029
2.970000029
2.970000029
2.980000019
2.980000019
2.980000019
2.980000019
2.980000019
2.980000019
2.980000019
2.980000019
2.980000019
2.99000001
3
3
3
3
3
3
3.00999999
3.00999999
3.00999999
3.00999999
3.00999999
3.00999999
3.00999999
3.00999999
3.00999999
3.019999981
3.019999981
3.019999981
3.019999981
3.019999981
3.019999981
3.029999971
3.029999971
3.029999971
3.029999971
3.029999971
3.039999962
3.039999962
3.039999962
3.039999962
3.039999962
3.049999952
3.049999952
3.059999943
3.059999943
3.059999943
3.059999943
3.059999943
3.069999933
3.069999933
3.069999933
3.069999933
3.069999933
3.069999933
3.069999933
3.069999933
3.069999933
3.079999924
3.079999924
3.079999924
3.079999924
3.079999924
3.089999914
3.089999914
3.089999914
3.089999914
3.089999914
3.089999914
3.099999905
3.099999905
3.099999905
3.099999905
3.099999905
3.099999905
3.099999905
3.099999905
3.099999905
3.099999905
3.109999895
3.109999895
3.109999895
3.109999895
3.109999895
3.109999895
3.119999886
3.119999886
3.119999886
3.119999886
3.119999886
3.119999886
3.119999886
3.119999886
3.119999886
3.130000114
3.130000114
3.130000114
3.140000105
3.140000105
3.140000105
3.140000105
3.140000105
3.150000095
3.150000095
3.150000095
3.150000095
3.150000095
3.150000095
3.160000086
3.160000086
3.160000086
3.160000086
3.160000086
3.160000086
3.160000086
3.160000086
3.160000086
3.170000076
3.170000076
3.170000076
3.170000076
3.170000076
3.170000076
3.170000076
3.170000076
3.170000076
3.180000067
3.180000067
3.180000067
3.180000067
3.180000067
3.190000057
3.190000057
3.190000057
3.200000048
3.200000048
3.200000048
3.200000048
3.200000048
3.210000038
3.210000038
3.220000029
3.220000029
3.220000029
3.220000029
3.220000029
3.220000029
3.220000029
3.220000029
3.220000029
3.230000019
3.230000019
3.230000019
3.230000019
3.230000019
3.24000001
3.24000001
3.25
3.25999999
3.25999999
3.25999999
3.25999999
3.269999981
3.269999981
3.279999971
3.279999971
3.279999971
3.289999962
3.299999952
3.299999952
3.309999943
3.309999943
3.309999943
3.309999943
3.309999943
3.319999933
3.319999933
3.319999933
3.329999924
3.329999924
3.329999924
3.329999924
3.329999924
3.329999924
3.329999924
3.339999914
3.339999914
3.339999914
3.339999914
3.349999905
3.349999905
3.349999905
3.349999905
3.349999905
3.359999895
3.359999895
3.359999895
3.359999895
3.359999895
3.359999895
3.369999886
3.369999886
3.380000114
3.390000105
3.390000105
3.390000105
3.390000105
3.400000095
3.400000095
3.410000086
3.410000086
3.410000086
3.410000086
3.420000076
3.420000076
3.420000076
3.420000076
3.420000076
3.430000067
3.430000067
3.440000057
3.440000057
3.440000057
3.440000057
3.440000057
3.440000057
3.450000048
3.450000048
3.450000048
3.460000038
3.470000029
3.470000029
3.49000001
3.49000001
3.5
3.519999981
3.529999971
3.529999971
3.529999971
3.539999962
3.539999962
3.539999962
3.549999952
3.549999952
3.549999952
3.549999952
3.549999952
3.579999924
3.579999924
3.589999914
3.589999914
3.599999905
3.599999905
3.599999905
3.609999895
3.609999895
3.609999895
3.609999895
3.609999895
3.630000114
3.630000114
3.630000114
3.650000095
3.660000086
3.660000086
3.660000086
3.670000076
3.680000067
3.680000067
3.700000048
3.74000001
3.74000001
3.75
3.75
3.75999999
3.789999962
3.819999933
3.819999933
3.829999924
3.859999895
3.859999895
3.859999895
3.880000114
3.920000076
3.920000076
3.950000048
3.950000048
3.960000038
3.970000029
3.99000001
4.039999962
4.050000191
4.090000153
4.119999886
4.139999866
4.199999809
4.199999809
4.199999809
4.199999809
4.25
4.25
4.400000095
4.570000172
4.679999828
4.9
